user_id,1,2,4,6,7,8
1,0.0,0.5735393346764044,0.47387910220727386,0.4103913408340616,0.3458572319330373,0.22941573387056174
2,0.5735393346764044,0.0,0.19364916731037082,0.5031152949374527,0.30151134457776363,0.0
4,0.47387910220727386,0.19364916731037082,0.0,0.28867513459481287,0.23354968324845687,0.2581988897471611
6,0.4103913408340616,0.5031152949374527,0.28867513459481287,0.0,0.20225995873897262,0.4472135954999579
7,0.3458572319330373,0.30151134457776363,0.23354968324845687,0.20225995873897262,0.0,0.0
8,0.22941573387056174,0.0,0.2581988897471611,0.4472135954999579,0.0,0.0
